4.707813262939453125e-03 2.446174621582031250e-03 4.534006118774414062e-03 4.500865936279296875e-03 4.464864730834960938e-03
4.150152206420898438e-03 4.588842391967773438e-03 2.570152282714843750e-03 4.588127136230468750e-03 4.012107849121093750e-03
1.087903976440429688e-02 1.341605186462402344e-02 1.350903511047363281e-02 1.348090171813964844e-02 1.355695724487304688e-02
8.434057235717773438e-03 1.138186454772949219e-02 1.125907897949218750e-02 1.132106781005859375e-02 1.112794876098632812e-02
1.323180198669433594e-01 1.338880062103271484e-01 1.353459358215332031e-01 1.337270736694335938e-01 1.344997882843017578e-01
1.502039432525634766e-01 1.509559154510498047e-01 1.660017967224121094e-01 1.532330513000488281e-01 1.568017005920410156e-01
4.079484939575195312e-02 4.414677619934082031e-02 4.353880882263183594e-02 4.350686073303222656e-02 4.412126541137695312e-02
8.809494972229003906e-02 9.202289581298828125e-02 9.206199645996093750e-02 9.890127182006835938e-02 9.369516372680664062e-02
4.154098033905029297e-01 4.115808010101318359e-01 3.808588981628417969e-01 3.810517787933349609e-01 3.840341567993164062e-01
5.376849174499511719e-01 5.278251171112060547e-01 5.282671451568603516e-01 5.271897315979003906e-01 5.316877365112304688e-01
6.609568595886230469e-01 6.423010826110839844e-01 6.424958705902099609e-01 6.342709064483642578e-01 6.358220577239990234e-01
5.413591861724853516e-01 5.330591201782226562e-01 5.285940170288085938e-01 5.326778888702392578e-01 5.373117923736572266e-01
7.278740406036376953e-01 7.345499992370605469e-01 7.197549343109130859e-01 7.139608860015869141e-01 7.277071475982666016e-01
