6.696939468383789062e-03 3.038167953491210938e-03 3.197908401489257812e-03 3.160953521728515625e-03 3.110885620117187500e-03
4.268884658813476562e-03 4.142045974731445312e-03 4.160881042480468750e-03 4.153966903686523438e-03 4.170894622802734375e-03
4.630804061889648438e-03 5.582809448242187500e-03 5.586147308349609375e-03 5.703926086425781250e-03 5.524873733520507812e-03
5.312919616699218750e-03 6.875753402709960938e-03 4.823207855224609375e-03 5.963087081909179688e-03 5.739927291870117188e-03
6.635189056396484375e-03 7.691144943237304688e-03 7.697105407714843750e-03 7.606744766235351562e-03 7.683992385864257812e-03
7.927894592285156250e-03 7.478713989257812500e-03 8.896112442016601562e-03 8.932113647460937500e-03 8.939027786254882812e-03
9.635686874389648438e-03 1.157212257385253906e-02 1.036190986633300781e-02 1.123476028442382812e-02 1.143503189086914062e-02
9.598970413208007812e-03 1.163983345031738281e-02 1.182603836059570312e-02 1.199483871459960938e-02 1.167702674865722656e-02
1.353788375854492188e-02 1.574492454528808594e-02 1.569199562072753906e-02 1.587677001953125000e-02 1.579523086547851562e-02
1.384711265563964844e-02 1.626801490783691406e-02 1.642394065856933594e-02 1.640701293945312500e-02 1.630997657775878906e-02
1.562714576721191406e-02 1.753115653991699219e-02 1.754713058471679688e-02 1.782083511352539062e-02 1.789498329162597656e-02
1.654505729675292969e-02 1.841092109680175781e-02 1.478815078735351562e-02 1.814198493957519531e-02 1.869893074035644531e-02
2.498102188110351562e-02 2.623176574707031250e-02 2.649497985839843750e-02 2.642202377319335938e-02 2.642631530761718750e-02
2.371311187744140625e-02 2.389001846313476562e-02 2.385997772216796875e-02 2.396512031555175781e-02 2.366209030151367188e-02
3.400397300720214844e-02 3.354191780090332031e-02 3.426504135131835938e-02 3.090405464172363281e-02 3.535413742065429688e-02
2.709102630615234375e-02 2.858710289001464844e-02 2.807092666625976562e-02 2.871084213256835938e-02 2.907419204711914062e-02
3.784227371215820312e-02 3.478813171386718750e-02 3.666996955871582031e-02 3.773808479309082031e-02 3.820180892944335938e-02
3.931188583374023438e-02 3.735709190368652344e-02 3.760004043579101562e-02 3.769898414611816406e-02 3.736495971679687500e-02
5.298423767089843750e-02 5.000305175781250000e-02 4.958796501159667969e-02 4.997181892395019531e-02 5.045890808105468750e-02
4.085803031921386719e-02 4.267907142639160156e-02 4.541301727294921875e-02 4.246878623962402344e-02 4.621410369873046875e-02
5.311632156372070312e-02 5.080008506774902344e-02 5.191969871520996094e-02 5.163478851318359375e-02 4.994797706604003906e-02
6.190514564514160156e-02 6.204986572265625000e-02 6.446790695190429688e-02 6.289505958557128906e-02 6.373810768127441406e-02
6.069993972778320312e-02 5.681085586547851562e-02 5.784702301025390625e-02 5.931210517883300781e-02 5.951523780822753906e-02
6.472206115722656250e-02 6.181311607360839844e-02 6.110692024230957031e-02 6.139302253723144531e-02 5.991768836975097656e-02
9.194707870483398438e-02 9.039998054504394531e-02 9.079003334045410156e-02 8.877301216125488281e-02 8.654499053955078125e-02
6.823706626892089844e-02 7.714676856994628906e-02 7.079696655273437500e-02 7.559704780578613281e-02 7.473278045654296875e-02
1.126787662506103516e-01 1.077129840850830078e-01 1.063189506530761719e-01 1.083757877349853516e-01 1.085188388824462891e-01
7.224488258361816406e-02 7.850694656372070312e-02 8.086109161376953125e-02 7.928013801574707031e-02 8.094286918640136719e-02
1.043508052825927734e-01 9.502506256103515625e-02 9.964871406555175781e-02 9.879708290100097656e-02 9.815907478332519531e-02
1.291379928588867188e-01 1.223042011260986328e-01 1.217658519744873047e-01 1.138238906860351562e-01 1.219260692596435547e-01
1.275618076324462891e-01 1.220178604125976562e-01 1.235861778259277344e-01 1.227152347564697266e-01 1.245329380035400391e-01
1.121468544006347656e-01 1.154918670654296875e-01 1.131451129913330078e-01 1.118028163909912109e-01 1.142652034759521484e-01
1.832041740417480469e-01 1.735179424285888672e-01 1.726262569427490234e-01 1.726307868957519531e-01 1.705904006958007812e-01
1.733281612396240234e-01 1.665868759155273438e-01 1.676888465881347656e-01 1.656677722930908203e-01 1.661400794982910156e-01
1.757760047912597656e-01 1.606240272521972656e-01 1.613440513610839844e-01 1.602013111114501953e-01 1.659338474273681641e-01
1.536691188812255859e-01 1.580080986022949219e-01 1.556432247161865234e-01 1.553058624267578125e-01 1.540031433105468750e-01
2.514433860778808594e-01 2.299077510833740234e-01 2.389512062072753906e-01 2.323689460754394531e-01 2.297527790069580078e-01
1.907782554626464844e-01 1.878848075866699219e-01 1.841826438903808594e-01 1.829090118408203125e-01 1.816797256469726562e-01
2.799792289733886719e-01 2.558171749114990234e-01 2.586679458618164062e-01 2.556560039520263672e-01 2.560558319091796875e-01
2.159769535064697266e-01 1.987731456756591797e-01 2.006740570068359375e-01 2.008249759674072266e-01 2.074151039123535156e-01
2.112038135528564453e-01 2.023689746856689453e-01 2.027628421783447266e-01 2.026708126068115234e-01 2.105388641357421875e-01
2.777678966522216797e-01 2.675979137420654297e-01 2.617249488830566406e-01 2.607910633087158203e-01 2.567651271820068359e-01
3.332722187042236328e-01 3.216037750244140625e-01 3.204619884490966797e-01 3.205678462982177734e-01 3.324098587036132812e-01
2.269599437713623047e-01 2.293210029602050781e-01 2.305579185485839844e-01 2.280330657958984375e-01 2.310268878936767578e-01
3.118910789489746094e-01 2.803637981414794922e-01 2.841939926147460938e-01 2.806811332702636719e-01 2.857379913330078125e-01
2.714047431945800781e-01 2.577509880065917969e-01 2.618319988250732422e-01 2.667980194091796875e-01 2.582759857177734375e-01
3.444199562072753906e-01 3.237960338592529297e-01 3.240389823913574219e-01 3.177959918975830078e-01 3.251411914825439453e-01
3.408031463623046875e-01 3.193128108978271484e-01 3.124852180480957031e-01 3.181638717651367188e-01 3.161640167236328125e-01
4.500548839569091797e-01 4.338030815124511719e-01 4.354596138000488281e-01 4.400691986083984375e-01 4.428527355194091797e-01
3.502037525177001953e-01 3.497509956359863281e-01 3.311901092529296875e-01 3.078961372375488281e-01 3.358559608459472656e-01
