4.448890686035156250e-03 3.002882003784179688e-03 3.090858459472656250e-03 3.048181533813476562e-03 3.015041351318359375e-03
5.011081695556640625e-03 4.415035247802734375e-03 4.459619522094726562e-03 4.477024078369140625e-03 4.451751708984375000e-03
9.325027465820312500e-03 8.290052413940429688e-03 8.809804916381835938e-03 8.955955505371093750e-03 8.888006210327148438e-03
1.192021369934082031e-02 1.032185554504394531e-02 1.062703132629394531e-02 1.017808914184570312e-02 1.047563552856445312e-02
6.833314895629882812e-02 6.227517127990722656e-02 5.948901176452636719e-02 6.161284446716308594e-02 6.113004684448242188e-02
6.557798385620117188e-02 5.898308753967285156e-02 5.729603767395019531e-02 5.693411827087402344e-02 5.718708038330078125e-02
5.919313430786132812e-02 5.890321731567382812e-02 5.814123153686523438e-02 5.822801589965820312e-02 5.379486083984375000e-02
6.548523902893066406e-02 6.349015235900878906e-02 6.326293945312500000e-02 6.381678581237792969e-02 6.672406196594238281e-02
1.504638195037841797e-01 1.338579654693603516e-01 1.238369941711425781e-01 1.216461658477783203e-01 1.227581501007080078e-01
2.616479396820068359e-01 2.971618175506591797e-01 2.492361068725585938e-01 2.456362247467041016e-01 2.476558685302734375e-01
2.514910697937011719e-01 2.484219074249267578e-01 2.456927299499511719e-01 2.457091808319091797e-01 2.438120841979980469e-01
2.563171386718750000e-01 2.395598888397216797e-01 2.404479980468750000e-01 2.395761013031005859e-01 2.421970367431640625e-01
3.047449588775634766e-01 2.809710502624511719e-01 2.866549491882324219e-01 2.811646461486816406e-01 2.873971462249755859e-01
