7.165908813476562500e-03 2.470970153808593750e-03 4.427909851074218750e-03 4.354000091552734375e-03 4.426956176757812500e-03
5.549192428588867188e-03 5.521774291992187500e-03 5.529165267944335938e-03 5.509853363037109375e-03 3.300905227661132812e-03
7.837057113647460938e-03 7.084846496582031250e-03 7.058858871459960938e-03 7.118701934814453125e-03 7.074594497680664062e-03
7.327079772949218750e-03 8.008956909179687500e-03 5.630254745483398438e-03 8.057117462158203125e-03 8.071184158325195312e-03
1.068472862243652344e-02 1.031303405761718750e-02 1.082539558410644531e-02 8.630752563476562500e-03 9.696960449218750000e-03
9.220123291015625000e-03 1.185894012451171875e-02 1.192092895507812500e-02 1.201701164245605469e-02 1.188397407531738281e-02
1.478576660156250000e-02 1.611590385437011719e-02 1.650881767272949219e-02 1.167416572570800781e-02 1.534700393676757812e-02
1.590609550476074219e-02 1.550388336181640625e-02 1.545000076293945312e-02 1.540303230285644531e-02 1.550793647766113281e-02
2.077102661132812500e-02 1.398706436157226562e-02 1.806807518005371094e-02 1.797509193420410156e-02 1.804733276367187500e-02
2.413010597229003906e-02 2.127408981323242188e-02 2.022600173950195312e-02 2.133297920227050781e-02 1.770377159118652344e-02
2.445602416992187500e-02 2.348017692565917969e-02 2.330708503723144531e-02 2.343010902404785156e-02 2.324461936950683594e-02
2.408003807067871094e-02 2.016496658325195312e-02 2.132821083068847656e-02 2.402997016906738281e-02 2.445411682128906250e-02
3.360509872436523438e-02 2.972793579101562500e-02 2.961611747741699219e-02 2.944302558898925781e-02 2.964591979980468750e-02
3.262519836425781250e-02 3.242921829223632812e-02 3.222608566284179688e-02 3.187203407287597656e-02 3.171515464782714844e-02
4.234004020690917969e-02 3.664302825927734375e-02 3.624606132507324219e-02 3.808403015136718750e-02 3.653407096862792969e-02
3.921985626220703125e-02 3.799700736999511719e-02 3.785920143127441406e-02 3.834223747253417969e-02 3.872609138488769531e-02
5.008792877197265625e-02 4.632377624511718750e-02 4.667282104492187500e-02 4.612421989440917969e-02 4.638886451721191406e-02
6.635427474975585938e-02 6.020212173461914062e-02 6.078720092773437500e-02 5.722284317016601562e-02 5.865597724914550781e-02
7.209968566894531250e-02 6.369209289550781250e-02 6.415796279907226562e-02 6.756210327148437500e-02 6.384921073913574219e-02
6.876182556152343750e-02 6.217503547668457031e-02 5.822968482971191406e-02 6.205606460571289062e-02 6.066274642944335938e-02
7.250976562500000000e-02 7.002091407775878906e-02 6.835412979125976562e-02 6.798815727233886719e-02 6.896996498107910156e-02
8.483099937438964844e-02 7.485198974609375000e-02 7.377099990844726562e-02 7.299304008483886719e-02 7.387185096740722656e-02
8.563423156738281250e-02 7.766604423522949219e-02 8.057379722595214844e-02 8.158612251281738281e-02 8.391118049621582031e-02
1.037721633911132812e-01 9.065198898315429688e-02 9.113287925720214844e-02 1.097490787506103516e-01 9.205389022827148438e-02
1.192910671234130859e-01 1.046788692474365234e-01 1.048119068145751953e-01 1.074209213256835938e-01 1.043817996978759766e-01
1.032919883728027344e-01 1.021959781646728516e-01 1.014099121093750000e-01 1.032989025115966797e-01 1.006209850311279297e-01
1.242520809173583984e-01 1.112470626831054688e-01 1.087360382080078125e-01 1.095871925354003906e-01 1.104011535644531250e-01
1.091701984405517578e-01 1.076269149780273438e-01 1.052908897399902344e-01 1.058719158172607422e-01 1.053361892700195312e-01
1.597251892089843750e-01 1.300921440124511719e-01 1.322600841522216797e-01 1.289248466491699219e-01 1.331570148468017578e-01
1.538879871368408203e-01 1.315071582794189453e-01 1.365087032318115234e-01 1.349780559539794922e-01 1.354720592498779297e-01
1.728630065917968750e-01 1.593940258026123047e-01 1.600909233093261719e-01 1.642880439758300781e-01 1.592378616333007812e-01
1.708920001983642578e-01 1.622419357299804688e-01 1.617159843444824219e-01 1.607558727264404297e-01 1.593201160430908203e-01
2.181589603424072266e-01 2.012102603912353516e-01 1.972191333770751953e-01 1.995310783386230469e-01 1.961848735809326172e-01
2.196550369262695312e-01 2.034559249877929688e-01 1.988689899444580078e-01 1.989777088165283203e-01 1.977269649505615234e-01
2.440478801727294922e-01 2.237498760223388672e-01 2.250609397888183594e-01 2.193007469177246094e-01 2.220778465270996094e-01
2.257390022277832031e-01 2.245109081268310547e-01 2.232131958007812500e-01 2.239420413970947266e-01 2.220489978790283203e-01
2.688429355621337891e-01 2.466688156127929688e-01 2.519268989562988281e-01 2.492260932922363281e-01 2.482202053070068359e-01
2.661418914794921875e-01 2.388899326324462891e-01 2.388658523559570312e-01 2.343287467956542969e-01 2.435040473937988281e-01
2.843341827392578125e-01 2.616939544677734375e-01 2.583711147308349609e-01 2.573208808898925781e-01 2.568612098693847656e-01
3.173420429229736328e-01 2.883372306823730469e-01 2.967689037322998047e-01 2.965781688690185547e-01 2.884387969970703125e-01
2.964730262756347656e-01 2.932391166687011719e-01 2.950041294097900391e-01 2.888000011444091797e-01 2.975220680236816406e-01
3.575549125671386719e-01 3.268048763275146484e-01 3.275537490844726562e-01 3.182027339935302734e-01 3.200659751892089844e-01
3.405141830444335938e-01 3.196570873260498047e-01 3.202738761901855469e-01 3.214702606201171875e-01 3.350589275360107422e-01
3.654799461364746094e-01 3.285441398620605469e-01 3.268132209777832031e-01 3.253450393676757812e-01 3.293356895446777344e-01
4.110326766967773438e-01 3.785507678985595703e-01 3.821451663970947266e-01 3.794589042663574219e-01 3.806960582733154297e-01
3.967680931091308594e-01 3.723461627960205078e-01 3.807458877563476562e-01 3.759241104125976562e-01 3.804059028625488281e-01
4.271359443664550781e-01 3.808357715606689453e-01 3.865311145782470703e-01 3.852837085723876953e-01 4.118688106536865234e-01
4.449021816253662109e-01 4.030828475952148438e-01 4.305880069732666016e-01 4.009978771209716797e-01 4.048540592193603516e-01
4.279398918151855469e-01 4.078888893127441406e-01 4.095661640167236328e-01 4.044442176818847656e-01 4.068791866302490234e-01
4.939818382263183594e-01 4.794921875000000000e-01 4.460098743438720703e-01 4.712622165679931641e-01 4.462609291076660156e-01
